42 30 50 4D 00 20 00 00 53 74 65 72 65 6F 20 00 50 69 61 6E 
6F 20 20 00 20 20 00 0A 60 64 02 00 00 22 00 00 64 00 00 00 
00 00 00 00 02 50 00 00 00 40 00 00 00 00 42 00 5B 64 0E 00 
10 00 00 00 64 00 00 00 00 00 00 00 02 50 00 00 40 00 5A 00 
38 00 5A 0B 08 06 07 00 06 06 0E 64 00 00 28 10 00 00 0A 08 
50 00 00 00 40 00 00 00 49 1F 18 00 64 1F 07 18 07 04 00 00 
00 00 00 00 00 00 5A 00 50 00 00 40 00 60 2F 00 01 50 09 05 
01 0A 04 00 02 02 64 00 00 05 00 00 64 00 00 10 00 00 40 00 
00 00 2A 25 04 73 6E 00 1E 09 00 00 12 32 02 04 52 24 48 78 
04 10 50 00 00 00 17 24 0C 00 32 0C 50 4D 7C 7E 12 13 2C 00 
00 00 00 00 35 50 00 00 00 71 60 00 7F 11 06 00 10 04 1A 47 
00 00 00 22 00 72 2F 40 07 4F 24 02 65 01 00 02 7F 00 7F 12 
01 5A 24 65 01 00 02 00 7F 00 7F 01 00 00 00 08 00 03 0B 10 
11 03 04 40 01 02 10 00 00 7F 67 00 00 00 00 00 40 00 00 5A 
46 08 04 7F 7F 00 7F 00 7F 00 70 7F 01 00 00 40 04 01 30 00 
00 5A 67 06 00 7F 03 00 40 00 7F 5A 46 08 00 7F 7F 10 7F 00 
6C 00 7F 7F 01 00 00 40 24 01 30 00 00 78 67 06 00 7F 53 00 
40 00 7F 5A 46 08 04 7F 7F 20 7F 04 7F 0C 70 7F 01 00 00 40 
00 00 30 00 00 7F 67 00 00 00 00 00 40 00 00 5A 46 08 01 7F 
7F 10 7F 00 7F 3F 10 7F 01 00 00 40 00 00 30 00 00 7F 67 00 
00 00 00 00 40 00 00 5A 46 08 01 7F 7F 20 7F 00 7F 00 00 7F 
01 00 00 40 00 00 30 00 00 7F 67 00 00 00 00 00 40 00 00 5A 
46 08 01 7F 7F 00 7F 00 7F 00 00 7F 01 00 00 40 00 00 30 00 
00 7F 67 00 00 00 00 00 40 00 00 5A 46 08 01 7F 7F 00 7F 00 
7F 00 00 7F 01 00 00 40 00 00 30 00 00 7F 67 00 00 00 00 00 
40 00 00 5A 46 08 01 7F 7F 00 7F 00 7F 00 00 7F 01 00 00 F7 
