42 30 50 51 00 00 00 00 03 02 18 06 01 00 00 00 00 00 00 00 
00 00 00 00 00 00 00 00 00 00 00 00 00 00 00 00 00 00 00 00 
00 00 00 00 00 00 00 00 00 00 00 00 00 00 00 00 00 00 00 00 
00 00 00 00 00 00 00 00 00 00 00 00 00 00 00 00 00 00 00 00 
00 00 00 00 00 00 00 00 00 00 00 00 00 00 00 00 00 00 00 00 
00 00 00 00 00 00 00 00 00 00 00 00 00 00 00 00 00 00 00 00 
00 00 00 00 00 00 00 00 00 00 00 00 00 00 00 00 00 00 00 00 
00 00 00 00 00 00 00 00 00 00 00 00 00 00 00 00 00 00 00 00 
00 00 00 00 00 00 00 00 00 00 00 00 00 00 00 00 00 00 00 00 
00 00 00 00 00 00 00 00 00 00 00 00 00 00 00 00 00 00 00 00 
00 00 00 00 00 00 00 00 00 00 00 00 00 00 00 00 00 00 00 00 
00 00 00 00 00 00 00 00 00 00 00 00 00 00 00 00 00 00 00 00 
00 00 00 00 00 00 00 00 00 00 00 00 00 00 00 00 00 00 00 00 
00 00 00 00 00 00 00 00 00 00 00 00 00 00 00 00 00 00 00 00 
00 00 00 00 00 00 00 00 00 00 00 00 00 00 00 00 00 00 00 00 
00 00 00 00 00 00 00 00 00 00 00 00 00 00 00 00 00 00 00 00 
00 00 00 00 00 00 00 00 00 00 00 00 00 00 00 00 00 00 00 00 
00 00 00 00 00 00 00 00 00 00 00 00 00 00 00 00 00 00 00 00 
00 00 00 00 00 00 00 00 00 00 00 00 00 00 00 00 00 00 00 00 
4B 00 65 79 62 6F 61 72 64 00 20 20 20 20 20 20 20 00 20 4F 
72 67 61 6E 20 00 20 20 20 20 20 20 20 00 20 20 20 42 65 6C 
6C 00 2F 4D 61 6C 6C 65 74 00 20 20 20 20 20 53 74 00 72 69 
6E 67 73 20 20 00 20 20 20 20 20 20 20 00 56 6F 63 61 6C 2F 
41 00 69 72 79 20 20 20 20 00 20 20 42 72 61 73 73 00 20 20 
20 20 20 20 20 00 20 20 20 20 57 6F 6F 00 64 77 69 6E 64 2F 
52 00 65 65 64 20 20 20 47 00 75 69 74 61 72 2F 50 00 6C 75 
63 6B 65 64 20 00 20 42 61 73 73 20 20 00 20 20 20 20 20 20 
20 00 20 20 20 53 6C 6F 77 00 53 79 6E 74 68 20 20 00 20 20 
20 20 20 46 61 00 73 74 53 79 6E 74 68 00 20 20 20 20 20 20 
20 00 4C 65 61 64 53 79 6E 00 74 68 20 20 20 20 20 00 20 20 
4D 6F 74 69 6F 00 6E 53 79 6E 74 68 20 00 20 20 20 20 53 45 
20 00 20 20 20 20 20 20 20 00 20 20 20 20 20 20 48 00 69 74 
2F 41 72 70 67 00 20 20 20 20 20 20 20 00 20 44 72 75 6D 73 
20 00 20 20 20 20 20 20 20 00 20 20 20 4B 65 79 62 00 6F 61 
72 64 20 20 20 00 20 20 20 20 20 4F 72 00 67 61 6E 20 20 20 
20 00 20 20 20 20 20 20 20 00 42 65 6C 6C 2F 4D 61 00 6C 6C 
65 74 2F 50 65 00 72 63 53 74 72 69 6E 00 67 73 20 20 20 20 
20 00 20 20 20 20 42 72 61 00 73 73 52 65 65 64 20 00 20 20 
20 20 20 20 4F 00 72 63 68 65 73 74 72 00 61 6C 20 20 20 20 
20 00 20 57 6F 72 6C 64 20 00 20 20 20 20 20 20 20 00 20 20 
20 47 75 69 74 00 61 72 2F 50 6C 75 63 00 6B 65 64 20 20 50 
61 00 64 73 20 20 20 20 20 00 20 20 20 20 20 20 20 00 4D 6F 
74 69 6F 6E 20 00 53 79 6E 74 68 20 20 00 20 20 53 79 6E 74 
68 00 20 20 20 20 20 20 20 00 20 20 20 20 4C 65 61 00 64 53 
70 6C 69 74 73 00 20 20 20 20 20 20 42 00 61 73 73 53 70 6C 
69 00 74 73 20 20 20 20 20 00 20 43 6F 6D 70 6C 65 00 78 20 
26 20 53 45 20 00 20 20 20 52 68 79 74 00 68 6D 69 63 20 50 
61 00 74 74 65 72 6E 44 73 00 2F 48 69 74 73 20 20 00 20 20 
20 20 20 20 20 00 7F 00 00 00 0C 7F 7F 00 00 00 0C F7 
