42 30 50 4C 00 20 00 00 4E 6F 69 73 79 20 53 00 74 61 62 62 
65 72 20 00 20 20 01 55 05 09 05 00 07 03 09 09 32 10 64 20 
00 00 00 00 08 40 00 20 00 40 00 7F 7F 4E 23 40 0F 00 5A 1E 
00 00 53 04 29 0F 25 12 00 78 04 02 17 40 00 00 40 00 7F 00 
7F 18 0F 3C 14 00 00 00 32 00 00 03 13 03 00 00 64 00 00 35 
40 00 00 00 40 00 7F 7F 18 0F 3C 00 14 00 00 32 00 00 08 00 
00 00 00 00 00 00 00 00 00 00 00 40 00 7F 7F 00 00 00 00 00 
00 00 00 00 00 00 00 00 00 00 00 00 00 00 00 00 00 00 40 10 
00 7F 7F 09 4E 19 0F 00 07 32 32 00 32 28 0F 01 30 12 00 78 
04 14 40 20 00 00 05 04 40 30 0A 50 27 25 14 00 48 04 54 02 
32 1A 00 00 31 40 00 00 00 40 41 00 7F 07 06 00 09 05 0C 26 
08 00 00 08 00 00 14 00 01 4F 04 02 65 01 05 0B 7F 3C 7F 00 
01 21 01 0A 00 00 01 40 02 0B 10 11 12 04 1D 00 5A 00 63 32 
00 00 00 40 00 00 0F 00 00 00 00 01 53 00 7F 00 00 00 7F 10 
00 01 01 7F 00 46 00 00 00 00 00 0E 00 13 00 25 03 3D 76 00 
00 00 01 08 00 00 00 7F 00 00 00 00 00 00 0A 00 00 00 00 10 
00 00 08 02 7E 00 00 00 3C 00 11 19 00 00 00 00 63 09 00 00 
14 00 11 00 1F 31 0F 37 18 31 00 20 25 00 00 00 1E 71 00 00 
00 00 31 12 00 11 00 40 00 1F 00 00 00 1E 71 00 00 00 63 00 
1E 40 00 00 5A 00 58 00 00 00 00 00 0E 00 0F 00 0F 00 00 00 
00 20 0A 7F 32 11 00 00 00 00 00 00 00 00 00 00 00 63 48 63 
55 42 1B 00 0E 00 0F 00 0F 00 00 00 00 00 00 42 04 42 00 40 
00 40 0E 00 7F 7F 00 01 7B 00 7F 00 00 00 7F 10 00 01 01 7F 
00 46 00 00 00 00 00 0E 00 13 00 25 03 3D 76 00 00 00 01 20 
00 00 00 01 0C 7B 50 02 26 0D 0A 73 0F 00 00 00 00 00 0C 00 
00 00 00 00 3C 00 11 19 00 00 01 00 63 3A 0F 00 14 00 11 00 
17 63 0F 22 18 32 00 20 00 00 00 00 1E 71 00 00 00 44 63 12 
00 11 00 40 00 00 00 00 00 1E 71 00 00 00 63 1E 10 58 10 00 
63 10 63 4C 00 00 00 00 0E 00 0F 00 0F 00 42 00 24 42 20 7F 
2E 11 00 00 00 00 00 00 00 00 00 00 00 63 45 00 24 00 1B 00 
0E 00 0F 00 0F 00 00 00 00 00 00 42 54 42 30 00 00 40 0E 00 
7F 7F 00 00 00 F7 
